---------------------------------------------------------
TEXTUAL 1

Textual judgment
Disease              P-Micro   P-Macro   R-Micro   R-Macro   F-Micro   F-Macro
Obesity              0.9270    0.9671    0.9270    0.4649    0.9270    0.4653
Depression           0.8834    0.7607    0.8834    0.7756    0.8834    0.7678
Hypertriglyceridemia 0.9822    0.9911    0.9822    0.5500    0.9822    0.5864
Gallstones           0.9389    0.9675    0.9389    0.5616    0.9389    0.5898
OSA                  0.9622    0.9752    0.9622    0.5886    0.9622    0.6115
Asthma               0.9663    0.9703    0.9663    0.4615    0.9663    0.4657
CAD                  0.8330    0.9142    0.8330    0.4393    0.8330    0.4252
PVD                  0.9408    0.9020    0.9408    0.8124    0.9408    0.8494
Gout                 0.9644    0.9373    0.9644    0.8610    0.9644    0.8944
Diabetes             0.9006    0.9421    0.9006    0.4574    0.9006    0.4496
CHF                  0.8770    0.9179    0.8770    0.5949    0.8770    0.5896
Venous Insufficiency 0.9842    0.8273    0.9842    0.6980    0.9842    0.7460
GERD                 0.9246    0.9610    0.9246    0.3726    0.9246    0.4004
OA                   0.8865    0.8575    0.8865    0.7055    0.8865    0.7498
Hypercholesterolemia 0.8805    0.9410    0.8805    0.4455    0.8805    0.4427
Hypertension         0.8403    0.8566    0.8403    0.5560    0.8403    0.5366

System               P-Micro   P-Macro   R-Micro   R-Macro   F-Micro   F-Macro
Textual              0.9184    0.9560    0.9184    0.4463    0.9184    0.4505

---------------------------------------------------------
TEXTUAL 2

Textual judgment
Disease              P-Micro   P-Macro   R-Micro   R-Macro   F-Micro   F-Macro
Obesity              0.9554    0.7329    0.9554    0.4842    0.9554    0.4836
Depression           0.8814    0.7756    0.8814    0.6644    0.8814    0.6988
Hypertriglyceridemia 0.9822    0.9911    0.9822    0.5500    0.9822    0.5864
Gallstones           0.9408    0.9683    0.9408    0.5624    0.9408    0.5906
OSA                  0.9662    0.9769    0.9662    0.5942    0.9662    0.6156
Asthma               0.9345    0.9491    0.9345    0.4151    0.9345    0.4295
CAD                  0.8813    0.8838    0.8813    0.5372    0.8813    0.5604
PVD                  0.9606    0.9514    0.9606    0.8638    0.9606    0.9012
Gout                 0.9505    0.9027    0.9505    0.8107    0.9505    0.8490
Diabetes             0.9085    0.7807    0.9085    0.4851    0.9085    0.4888
CHF                  0.9012    0.9333    0.9012    0.6118    0.9012    0.6058
Venous Insufficiency 0.9822    0.7797    0.9822    0.6970    0.9822    0.7308
GERD                 0.9563    0.7223    0.9563    0.4336    0.9563    0.4503
OA                   0.9124    0.8905    0.9124    0.7811    0.9124    0.8216
Hypercholesterolemia 0.7610    0.6332    0.7610    0.3831    0.7610    0.3821
Hypertension         0.8962    0.9049    0.8962    0.6431    0.8962    0.6744

System               P-Micro   P-Macro   R-Micro   R-Macro   F-Micro   F-Macro
Textual              0.9233    0.5667    0.9233    0.4839    0.9233    0.5061

---------------------------------------------------------
TEXTUAL 3

Textual judgment
Disease              P-Micro   P-Macro   R-Micro   R-Macro   F-Micro   F-Macro
Obesity              0.9391    0.7243    0.9391    0.4717    0.9391    0.4724
Depression           0.9130    0.8842    0.9130    0.7292    0.9130    0.7791
Hypertriglyceridemia 0.9822    0.9911    0.9822    0.5500    0.9822    0.5864
Gallstones           0.9369    0.9665    0.9369    0.5548    0.9369    0.5844
OSA                  0.9781    0.9824    0.9781    0.6232    0.9781    0.6352
Asthma               0.9524    0.9613    0.9524    0.4420    0.9524    0.4508
CAD                  0.8753    0.8113    0.8753    0.4721    0.8753    0.4684
PVD                  0.9665    0.9563    0.9665    0.8872    0.9665    0.9179
Gout                 0.9644    0.9090    0.9644    0.8950    0.9644    0.9019
Diabetes             0.9046    0.6981    0.9046    0.4608    0.9046    0.4543
CHF                  0.9073    0.9395    0.9073    0.6154    0.9073    0.6105
Venous Insufficiency 0.9862    0.8940    0.9862    0.6990    0.9862    0.7632
GERD                 0.9623    0.9777    0.9623    0.4415    0.9623    0.4572
OA                   0.9104    0.8740    0.9104    0.7891    0.9104    0.8227
Hypercholesterolemia 0.8147    0.9130    0.8147    0.4087    0.8147    0.4078
Hypertension         0.8643    0.8779    0.8643    0.5611    0.8643    0.5524

System               P-Micro   P-Macro   R-Micro   R-Macro   F-Micro   F-Macro
Textual              0.9288    0.7625    0.9288    0.4569    0.9288    0.4643

=========================================================


---------------------------------------------------------
INTUITIVE 1
Intuitive judgment
Disease              P-Micro   P-Macro   R-Micro   R-Macro   F-Micro   F-Macro
Obesity              0.9195    0.9209    0.9195    0.9146    0.9195    0.9173
Depression           0.7715    0.6806    0.7715    0.7065    0.7715    0.6905
Hypertriglyceridemia 0.9527    0.7916    0.9527    0.5967    0.9527    0.6393
Gallstones           0.9491    0.9498    0.9491    0.8589    0.9491    0.8965
OSA                  0.9576    0.9672    0.9576    0.5792    0.9576    0.6025
Asthma               0.9703    0.9682    0.9703    0.9093    0.9703    0.9359
CAD                  0.8690    0.9086    0.8690    0.5823    0.8690    0.5780
PVD                  0.9398    0.9344    0.9398    0.5625    0.9398    0.5795
Gout                 0.9560    0.9649    0.9560    0.8267    0.9560    0.8799
Diabetes             0.9332    0.9328    0.9332    0.9077    0.9332    0.9189
CHF                  0.8607    0.9082    0.8607    0.5777    0.8607    0.5758
Venous Insufficiency 0.9133    0.6607    0.9133    0.6658    0.9133    0.6632
GERD                 0.8521    0.8671    0.8521    0.4944    0.8521    0.5091
OA                   0.8506    0.8825    0.8506    0.4506    0.8506    0.4736
Hypercholesterolemia 0.8422    0.8407    0.8422    0.8381    0.8422    0.8392
Hypertension         0.8700    0.7947    0.8700    0.7947    0.8700    0.7947

System               P-Micro   P-Macro   R-Micro   R-Macro   F-Micro   F-Macro
Intuitive            0.9019    0.9279    0.9019    0.5849    0.9019    0.5893

---------------------------------------------------------
INTUITIVE 2
Intuitive judgment
Disease              P-Micro   P-Macro   R-Micro   R-Macro   F-Micro   F-Macro
Obesity              0.9553    0.9549    0.9553    0.9537    0.9553    0.9543
Depression           0.8637    0.8206    0.8637    0.7554    0.8637    0.7803
Hypertriglyceridemia 0.9444    0.6645    0.9444    0.5546    0.9444    0.5765
Gallstones           0.9552    0.9543    0.9552    0.8776    0.9552    0.9105
OSA                  0.9616    0.9744    0.9616    0.5851    0.9616    0.6089
Asthma               0.9342    0.9239    0.9342    0.7965    0.9342    0.8441
CAD                  0.8734    0.9116    0.8734    0.5841    0.8734    0.5807
PVD                  0.9505    0.9751    0.9505    0.5581    0.9505    0.5906
Gout                 0.9460    0.9191    0.9460    0.8140    0.9460    0.8563
Diabetes             0.9499    0.9381    0.9499    0.9447    0.9499    0.9413
CHF                  0.8744    0.9162    0.8744    0.5883    0.8744    0.5856
Venous Insufficiency 0.9297    0.7123    0.9297    0.6426    0.9297    0.6689
GERD                 0.8709    0.8970    0.8709    0.5051    0.8709    0.5253
OA                   0.8398    0.8454    0.8398    0.4598    0.8398    0.4763
Hypercholesterolemia 0.7262    0.7250    0.7262    0.7284    0.7262    0.7248
Hypertension         0.8946    0.8284    0.8946    0.8529    0.8946    0.8397

System               P-Micro   P-Macro   R-Micro   R-Macro   F-Micro   F-Macro
Intuitive            0.9061    0.9348    0.9061    0.5844    0.9061    0.5918

---------------------------------------------------------
INTUITIVE 3
Intuitive judgment
Disease              P-Micro   P-Macro   R-Micro   R-Macro   F-Micro   F-Macro
Obesity              0.9374    0.9413    0.9374    0.9316    0.9374    0.9354
Depression           0.9119    0.9152    0.9119    0.8205    0.9119    0.8562
Hypertriglyceridemia 0.9671    0.9083    0.9671    0.7178    0.9671    0.7809
Gallstones           0.9450    0.9611    0.9450    0.8363    0.9450    0.8841
OSA                  0.9778    0.9866    0.9778    0.6212    0.9778    0.6359
Asthma               0.9469    0.9226    0.9469    0.8528    0.9469    0.8831
CAD                  0.9017    0.9314    0.9017    0.6018    0.9017    0.5998
PVD                  0.9527    0.9553    0.9527    0.5804    0.9527    0.5988
Gout                 0.9660    0.9544    0.9660    0.8818    0.9660    0.9139
Diabetes             0.9436    0.9342    0.9436    0.9325    0.9436    0.9334
CHF                  0.9018    0.9350    0.9018    0.6063    0.9018    0.6039
Venous Insufficiency 0.9415    0.8080    0.9415    0.6329    0.9415    0.6797
GERD                 0.8779    0.9266    0.8779    0.5003    0.8779    0.5279
OA                   0.8853    0.9059    0.8853    0.5120    0.8853    0.5334
Hypercholesterolemia 0.8353    0.8339    0.8353    0.8388    0.8353    0.8344
Hypertension         0.8767    0.8124    0.8767    0.7818    0.8767    0.7955

System               P-Micro   P-Macro   R-Micro   R-Macro   F-Micro   F-Macro
Intuitive            0.9244    0.9491    0.9244    0.5998    0.9244    0.6068

---------------------------------------------------------


